901 424 -509 -984 -425
-515 533 -357 544 -340
-356 563 -431 328 -972
-435 -661 -375 -224 -289
276 -741 -985 732 914
-946 636 -609 920 -645
-362 29 856 -924 484
817 869 763 -545 -503
-477 -880 -562 -569 -298
-889 -517 -753 -381 426
313 -619 644 -908 390
-94 -205 -172 48 -864
242 -740 790 -552 -350
78 454 833 868 484
356 810 -76 481 942
7 -878 705 825 459
-846 -713 -190 -416 -407
950 -851 353 -353 -336
243 -636 -861 -180 -63
654 101 -939 -202 -151
-567 -725 -591 -671 -710
-978 -61 609 -646 -788
396 705 84 42 362
-477 -6 509 497 581
-187 328 -528 62 569
900 235 -332 36 -636
565 647 -727 495 -983
-39 -217 711 -157 -1000
-764 904 902 -684 38
570 -248 -49 585 985
998 -575 -925 116 -563
910 197 -629 -225 162
-275 151 -999 -115 432
670 -280 -702 -457 412
437 628 -649 -655 71
-910 459 -451 -225 -510
93 409 751 -724 778
-832 -555 4 290 928
-823 680 -780 342 -79
580 -76 548 -683 -153
-48 828 406 -820 -69
-486 346 -879 264 -175
-782 556 936 206 -514
-836 -447 133 -166 -786
62 365 -922 376 -454
410 999 -266 692 290
945 693 -667 -339 865
-949 462 -826 264 -324
-650 968 19 -204 -542
-793 598 -552 -516 968
-746 504 -974 505 -112
-671 -744 -630 48 154
508 -482 130 -961 86
-639 -93 857 197 695
-348 590 644 241 919
108 671 -415 725 -984
231 -730 -357 -695 -598
-820 108 -202 313 184
643 78 -358 -62 -466
478 -266 708 883 355
987 935 -639 -260 993
534 -773 67 340 68
-685 496 792 -637 971
309 -837 -393 705 704
-763 -279 -905 -756 -469
662 -712 -576 923 493
-219 131 -413 -532 -199
134 -703 -56 351 538
-180 120 -400 -362 -289
44 -700 685 239 186
311 3 278 -446 437
-665 -445 55 831 -650
-586 -58 -305 744 56
642 -655 -963 859 -347
126 609 914 80 809
698 -815 -256 347 971
479 442 169 -823 387
-775 -977 -145 695 -270
728 -130 -82 442 535
-40 -191 -440 -983 -514
-41 -816 -44 471 582
-487 -119 -239 830 17
-390 688 746 -578 -265
340 -13 -940 480 244
-30 556 -549 249 328
-947 -878 718 347 -919
-902 966 -334 -124 920
-421 841 550 150 -707
-494 449 802 -270 -65
353 880 449 -631 -84
33 -536 228 950 713
-1000 -476 348 -781 33
962 -878 695 -259 120
900 -708 -57 -209 -282
880 632 -441 821 39
330 874 -787 821 700
-23 -987 141 -394 564
773 950 356 80 126
844 -308 754 -469 239
-128 -561 -329 -127 -705
-613 187 -833 -429 -320
817 317 -260 -137 417
847 -556 -451 -428 748
676 722 865 364 409
-499 481 -402 865 -838
-158 -305 -655 -431 -511
-532 -718 -146 265 567
902 -150 717 189 -451
598 -118 -46 -645 904
295 103 557 -491 -923
180 -33 618 894 506
-28 -445 639 -273 136
-359 208 -810 -667 386
-16 -996 -543 152 -242
-739 -477 694 408 -839
-224 -408 703 978 266
800 -985 385 204 179
-426 528 359 -152 702
-629 -777 -159 -802 452
-220 -23 -270 771 537
271 -554 279 -288 -597
-64 25 859 839 -462
936 -94 299 719 -36
-481 -889 607 -417 215
921 -619 308 45 -987
-970 818 -514 980 846
-140 -212 743 -596 -1
-581 542 -8 -402 705
-307 176 -419 719 56
-723 747 796 686 344
33 919 -215 743 -121
-809 -712 348 315 -588
-425 -453 814 -22 570
648 -536 392 -245 -20
390 -477 638 -799 -89
106 -925 -541 906 -331
-689 -174 -847 -95 535
-115 -974 255 -933 -94
40 363 404 -653 23
-679 147 -183 -468 -363
113 -652 -451 275 694
810 -342 -526 332 519
405 708 579 55 29
-471 962 -704 282 726
652 486 -527 559 518
595 -705 45 621 -508
329 -195 -752 496 -545
523 748 -69 265 -147
-104 63 642 -218 -806
955 903 -200 32 -719
-371 -395 756 -108 -950
-140 152 419 866 -62
468 635 348 935 -575
551 910 -835 -205 19
173 -185 -419 -202 372
685 -961 93 664 235
-962 451 -223 -253 -103
-680 257 846 -420 663
452 -1000 -772 -182 577
-422 845 -200 -812 277
-294 978 398 64 261
127 -705 -280 505 876
-457 -8 591 490 -376
999 -278 888 -624 694
-565 -943 234 381 262
921 -588 -691 714 359
-226 -118 402 235 -208
-505 -280 -334 163 -256
814 -829 973 879 867
-424 174 825 -650 245
761 -504 -145 -329 937
620 -117 309 -304 -488
-61 -109 -530 299 386
-467 985 310 -582 -800
-532 -349 -832 844 -365
411 -615 -725 778 -635
-595 -909 119 -38 965
145 998 229 -904 -346
737 116 -354 -762 84
87 -356 440 -205 139
-246 803 -176 62 683
928 -302 -568 -23 -461
-486 -999 -390 369 -66
501 -407 646 -164 811
226 -957 809 -574 95
-413 -181 -517 -714 -463
-59 -313 -758 -727 631
-921 -675 434 -374 239
904 -841 -968 -872 -269
-554 963 -332 -596 -9
-545 841 -151 989 -64
-49 -724 -959 -119 -397
-423 -342 -574 595 5
186 696 509 -273 -112
461 -904 -147 -321 195
-948 446 -232 671 358
-587 380 -424 171 97
-651 -48 355 -540 -821
922 -112 958 -755 -933
-618 -421 562 -295 928